# Intrinsic 2nd anomalous hall conductivity
# in unit of A*V^-2 for 3D cases, Ang*A*V^-2 for 2D cases
#  Energy (eV)      \sigma_xyy      \sigma_yxx
 -0.30000000E-01 -0.26486394E-03 -0.14659426E-02
 -0.29800000E-01 -0.28284670E-03 -0.13860403E-02
 -0.29600000E-01 -0.30102676E-03 -0.13041791E-02
 -0.29400000E-01 -0.31946403E-03 -0.12203570E-02
 -0.29200000E-01 -0.33822999E-03 -0.11345768E-02
 -0.29000000E-01 -0.35737581E-03 -0.10468318E-02
 -0.28800000E-01 -0.37692169E-03 -0.95709456E-03
 -0.28600000E-01 -0.39687219E-03 -0.86531237E-03
 -0.28400000E-01 -0.41724610E-03 -0.77141295E-03
 -0.28200000E-01 -0.43809943E-03 -0.67531724E-03
 -0.28000000E-01 -0.45952260E-03 -0.57695512E-03
 -0.27800000E-01 -0.48160752E-03 -0.47627755E-03
 -0.27600000E-01 -0.50439861E-03 -0.37326005E-03
 -0.27400000E-01 -0.52785451E-03 -0.26789569E-03
 -0.27200000E-01 -0.55184568E-03 -0.16017987E-03
 -0.27000000E-01 -0.57619731E-03 -0.50092840E-04
 -0.26800000E-01 -0.60076321E-03  0.62413090E-04
 -0.26600000E-01 -0.62549796E-03  0.17741599E-03
 -0.26400000E-01 -0.65049135E-03  0.29501497E-03
 -0.26200000E-01 -0.67594417E-03  0.41531236E-03
 -0.26000000E-01 -0.70209248E-03  0.53839462E-03
 -0.25800000E-01 -0.72911330E-03  0.66432007E-03
 -0.25600000E-01 -0.75705653E-03  0.79311929E-03
 -0.25400000E-01 -0.78583686E-03  0.92480850E-03
 -0.25200000E-01 -0.81529121E-03  0.10594109E-02
 -0.25000000E-01 -0.84527434E-03  0.11969768E-02
 -0.24800000E-01 -0.87574503E-03  0.13375940E-02
 -0.24600000E-01 -0.90679843E-03  0.14813835E-02
 -0.24400000E-01 -0.93862605E-03  0.16284816E-02
 -0.24200000E-01 -0.97142183E-03  0.17790166E-02
 -0.24000000E-01 -0.10052815E-02  0.19330908E-02
 -0.23800000E-01 -0.10401483E-02  0.20907749E-02
 -0.23600000E-01 -0.10758376E-02  0.22521190E-02
 -0.23400000E-01 -0.11121315E-02  0.24171748E-02
 -0.23200000E-01 -0.11489004E-02  0.25860191E-02
 -0.23000000E-01 -0.11861924E-02  0.27587684E-02
 -0.22800000E-01 -0.12242417E-02  0.29355780E-02
 -0.22600000E-01 -0.12633903E-02  0.31166261E-02
 -0.22400000E-01 -0.13039575E-02  0.33020908E-02
 -0.22200000E-01 -0.13461174E-02  0.34921307E-02
 -0.22000000E-01 -0.13898435E-02  0.36868778E-02
 -0.21800000E-01 -0.14349450E-02  0.38864461E-02
 -0.21600000E-01 -0.14811762E-02  0.40909513E-02
 -0.21400000E-01 -0.15283640E-02  0.43005331E-02
 -0.21200000E-01 -0.15764942E-02  0.45153686E-02
 -0.21000000E-01 -0.16257196E-02  0.47356741E-02
 -0.20800000E-01 -0.16762914E-02  0.49616927E-02
 -0.20600000E-01 -0.17284557E-02  0.51936775E-02
 -0.20400000E-01 -0.17823670E-02  0.54318766E-02
 -0.20200000E-01 -0.18380610E-02  0.56765273E-02
 -0.20000000E-01 -0.18954919E-02  0.59278613E-02
 -0.19800000E-01 -0.19546104E-02  0.61861170E-02
 -0.19600000E-01 -0.20154365E-02  0.64515536E-02
 -0.19400000E-01 -0.20780913E-02  0.67244612E-02
 -0.19200000E-01 -0.21427758E-02  0.70051655E-02
 -0.19000000E-01 -0.22097136E-02  0.72940264E-02
 -0.18800000E-01 -0.22790891E-02  0.75914334E-02
 -0.18600000E-01 -0.23510123E-02  0.78978003E-02
 -0.18400000E-01 -0.24255224E-02  0.82135591E-02
 -0.18200000E-01 -0.25026220E-02  0.85391552E-02
 -0.18000000E-01 -0.25823202E-02  0.88750460E-02
 -0.17800000E-01 -0.26646678E-02  0.92217044E-02
 -0.17600000E-01 -0.27497746E-02  0.95796298E-02
 -0.17400000E-01 -0.28378140E-02  0.99493655E-02
 -0.17200000E-01 -0.29290212E-02  0.10331516E-01
 -0.17000000E-01 -0.30236860E-02  0.10726758E-01
 -0.16800000E-01 -0.31221359E-02  0.11135840E-01
 -0.16600000E-01 -0.32247042E-02  0.11559562E-01
 -0.16400000E-01 -0.33316846E-02  0.11998758E-01
 -0.16200000E-01 -0.34432931E-02  0.12454281E-01
 -0.16000000E-01 -0.35596597E-02  0.12927006E-01
 -0.15800000E-01 -0.36808660E-02  0.13417859E-01
 -0.15600000E-01 -0.38070238E-02  0.13927858E-01
 -0.15400000E-01 -0.39383596E-02  0.14458150E-01
 -0.15200000E-01 -0.40752623E-02  0.15010024E-01
 -0.15000000E-01 -0.42182621E-02  0.15584894E-01
 -0.14800000E-01 -0.43679465E-02  0.16184273E-01
 -0.14600000E-01 -0.45248538E-02  0.16809734E-01
 -0.14400000E-01 -0.46894052E-02  0.17462908E-01
 -0.14200000E-01 -0.48619181E-02  0.18145514E-01
 -0.14000000E-01 -0.50427028E-02  0.18859415E-01
 -0.13800000E-01 -0.52321931E-02  0.19606675E-01
 -0.13600000E-01 -0.54310402E-02  0.20389595E-01
 -0.13400000E-01 -0.56401126E-02  0.21210708E-01
 -0.13200000E-01 -0.58603979E-02  0.22072748E-01
 -0.13000000E-01 -0.60928544E-02  0.22978615E-01
 -0.12800000E-01 -0.63382971E-02  0.23931366E-01
 -0.12600000E-01 -0.65973844E-02  0.24934237E-01
 -0.12400000E-01 -0.68707204E-02  0.25990701E-01
 -0.12200000E-01 -0.71590260E-02  0.27104528E-01
 -0.12000000E-01 -0.74632893E-02  0.28279821E-01
 -0.11800000E-01 -0.77848194E-02  0.29521020E-01
 -0.11600000E-01 -0.81251731E-02  0.30832874E-01
 -0.11400000E-01 -0.84859959E-02  0.32220408E-01
 -0.11200000E-01 -0.88688603E-02  0.33688888E-01
 -0.11000000E-01 -0.92751824E-02  0.35243814E-01
 -0.10800000E-01 -0.97062563E-02  0.36890910E-01
 -0.10600000E-01 -0.10163377E-01  0.38636113E-01
 -0.10400000E-01 -0.10647976E-01  0.40485540E-01
 -0.10200000E-01 -0.11161692E-01  0.42445411E-01
 -0.10000000E-01 -0.11706319E-01  0.44521929E-01
 -0.98000000E-02 -0.12283664E-01  0.46721119E-01
 -0.96000000E-02 -0.12895353E-01  0.49048607E-01
 -0.94000000E-02 -0.13542683E-01  0.51509355E-01
 -0.92000000E-02 -0.14226539E-01  0.54107338E-01
 -0.90000000E-02 -0.14947378E-01  0.56845148E-01
 -0.88000000E-02 -0.15705217E-01  0.59723522E-01
 -0.86000000E-02 -0.16499560E-01  0.62740753E-01
 -0.84000000E-02 -0.17329216E-01  0.65891980E-01
 -0.82000000E-02 -0.18192016E-01  0.69168320E-01
 -0.80000000E-02 -0.19084460E-01  0.72555851E-01
 -0.78000000E-02 -0.20001336E-01  0.76034439E-01
 -0.76000000E-02 -0.20935339E-01  0.79576412E-01
 -0.74000000E-02 -0.21876694E-01  0.83145126E-01
 -0.72000000E-02 -0.22812788E-01  0.86693448E-01
 -0.70000000E-02 -0.23727838E-01  0.90162290E-01
 -0.68000000E-02 -0.24602631E-01  0.93479284E-01
 -0.66000000E-02 -0.25414352E-01  0.96557800E-01
 -0.64000000E-02 -0.26136499E-01  0.99296441E-01
 -0.62000000E-02 -0.26738887E-01  0.10157926E+00
 -0.60000000E-02 -0.27187829E-01  0.10327701E+00
 -0.58000000E-02 -0.27446657E-01  0.10424971E+00
 -0.56000000E-02 -0.27476818E-01  0.10435106E+00
 -0.54000000E-02 -0.27239663E-01  0.10343471E+00
 -0.52000000E-02 -0.26698831E-01  0.10136239E+00
 -0.50000000E-02 -0.25822922E-01  0.98013166E-01
 -0.48000000E-02 -0.24588059E-01  0.93293139E-01
 -0.46000000E-02 -0.22980022E-01  0.87144226E-01
 -0.44000000E-02 -0.20995731E-01  0.79550824E-01
 -0.42000000E-02 -0.18643931E-01  0.70542896E-01
 -0.40000000E-02 -0.15944831E-01  0.60194311E-01
 -0.38000000E-02 -0.12928519E-01  0.48615942E-01
 -0.36000000E-02 -0.96321367E-02  0.35944214E-01
 -0.34000000E-02 -0.60961896E-02  0.22327132E-01
 -0.32000000E-02 -0.23607425E-02  0.79107494E-02
 -0.30000000E-02  0.15375988E-02 -0.71708272E-02
 -0.28000000E-02  0.55671301E-02 -0.22799445E-01
 -0.26000000E-02  0.97004723E-02 -0.38869734E-01
 -0.24000000E-02  0.13911972E-01 -0.55278920E-01
 -0.22000000E-02  0.18173499E-01 -0.71911109E-01
 -0.20000000E-02  0.22449411E-01 -0.88618565E-01
 -0.18000000E-02  0.26691658E-01 -0.10520333E+00
 -0.16000000E-02  0.30836094E-01 -0.12140302E+00
 -0.14000000E-02  0.34800974E-01 -0.13688475E+00
 -0.12000000E-02  0.38488374E-01 -0.15125050E+00
 -0.10000000E-02  0.41788908E-01 -0.16405599E+00
 -0.80000000E-03  0.44589558E-01 -0.17484272E+00
 -0.60000000E-03  0.46783872E-01 -0.18318013E+00
 -0.40000000E-03  0.48283199E-01 -0.18871200E+00
 -0.20000000E-03  0.49027215E-01 -0.19119949E+00
  0.59005285E-17  0.48991944E-01 -0.19055295E+00
  0.20000000E-03  0.48193741E-01 -0.18684655E+00
  0.40000000E-03  0.46688456E-01 -0.18031306E+00
  0.60000000E-03  0.44565891E-01 -0.17132002E+00
  0.80000000E-03  0.41940610E-01 -0.16033215E+00
  0.10000000E-02  0.38940804E-01 -0.14786659E+00
  0.12000000E-02  0.35697101E-01 -0.13444836E+00
  0.14000000E-02  0.32332952E-01 -0.12057170E+00
  0.16000000E-02  0.28957583E-01 -0.10667131E+00
  0.18000000E-02  0.25661855E-01 -0.93104952E-01
  0.20000000E-02  0.22516726E-01 -0.80146701E-01
  0.22000000E-02  0.19573724E-01 -0.67988945E-01
  0.24000000E-02  0.16866751E-01 -0.56750512E-01
  0.26000000E-02  0.14414663E-01 -0.46488284E-01
  0.28000000E-02  0.12224236E-01 -0.37210146E-01
  0.30000000E-02  0.10293213E-01 -0.28887689E-01
  0.32000000E-02  0.86131837E-02 -0.21467663E-01
  0.34000000E-02  0.71720585E-02 -0.14881646E-01
  0.36000000E-02  0.59559343E-02 -0.90537461E-02
  0.38000000E-02  0.49503116E-02 -0.39064046E-02
  0.40000000E-02  0.41407332E-02  0.63545694E-03
  0.42000000E-02  0.35130194E-02  0.46416149E-02
  0.44000000E-02  0.30532719E-02  0.81747107E-02
  0.46000000E-02  0.27477532E-02  0.11289133E-01
  0.48000000E-02  0.25826628E-02  0.14030423E-01
  0.50000000E-02  0.25437860E-02  0.16435105E-01
  0.52000000E-02  0.26160060E-02  0.18530894E-01
  0.54000000E-02  0.27827383E-02  0.20337248E-01
  0.56000000E-02  0.30254346E-02  0.21866252E-01
  0.58000000E-02  0.33233619E-02  0.23123783E-01
  0.60000000E-02  0.36538348E-02  0.24110957E-01
  0.62000000E-02  0.39929650E-02  0.24825834E-01
  0.64000000E-02  0.43168345E-02  0.25265406E-01
  0.66000000E-02  0.46028980E-02  0.25427809E-01
  0.68000000E-02  0.48314101E-02  0.25314635E-01
  0.70000000E-02  0.49867350E-02  0.24933086E-01
  0.72000000E-02  0.50584308E-02  0.24297664E-01
  0.74000000E-02  0.50419825E-02  0.23431065E-01
  0.76000000E-02  0.49390216E-02  0.22364072E-01
  0.78000000E-02  0.47569061E-02  0.21134400E-01
  0.80000000E-02  0.45076643E-02  0.19784572E-01
  0.82000000E-02  0.42064715E-02  0.18359139E-01
  0.84000000E-02  0.38699365E-02  0.16901600E-01
  0.86000000E-02  0.35144859E-02  0.15451484E-01
  0.88000000E-02  0.31550599E-02  0.14041984E-01
  0.90000000E-02  0.28042306E-02  0.12698416E-01
  0.92000000E-02  0.24717547E-02  0.11437596E-01
  0.94000000E-02  0.21645091E-02  0.10268049E-01
  0.96000000E-02  0.18867146E-02  0.91908408E-02
  0.98000000E-02  0.16403426E-02  0.82007756E-02
  0.10000000E-01  0.14256030E-02  0.72877104E-02
  0.10200000E-01  0.12414346E-02  0.64378097E-02
  0.10400000E-01  0.10859416E-02  0.56346256E-02
  0.10600000E-01  0.95674726E-03  0.48599677E-02
  0.10800000E-01  0.85125315E-03  0.40945800E-02
  0.11000000E-01  0.76680770E-03  0.33186777E-02
  0.11200000E-01  0.70079584E-03  0.25124205E-02
  0.11400000E-01  0.65066625E-03  0.16564093E-02
  0.11600000E-01  0.61391634E-03  0.73228880E-03
  0.11800000E-01  0.58805709E-03 -0.27647025E-03
  0.12000000E-01  0.57058062E-03 -0.13835654E-02
  0.12200000E-01  0.55895266E-03 -0.25986308E-02
  0.12400000E-01  0.55064837E-03 -0.39258435E-02
  0.12600000E-01  0.54324215E-03 -0.53625058E-02
  0.12800000E-01  0.53454991E-03 -0.68978240E-02
  0.13000000E-01  0.52280628E-03 -0.85121560E-02
  0.13200000E-01  0.50684328E-03 -0.10177004E-01
  0.13400000E-01  0.48622577E-03 -0.11855949E-01
  0.13600000E-01  0.46129802E-03 -0.13506578E-01
  0.13800000E-01  0.43310636E-03 -0.15083230E-01
  0.14000000E-01  0.40318574E-03 -0.16540221E-01
  0.14200000E-01  0.37323001E-03 -0.17835065E-01
  0.14400000E-01  0.34470046E-03 -0.18931233E-01
  0.14600000E-01  0.31845289E-03 -0.19800083E-01
  0.14800000E-01  0.29446362E-03 -0.20421779E-01
  0.15000000E-01  0.27170099E-03 -0.20785221E-01
  0.15200000E-01  0.24813349E-03 -0.20887096E-01
  0.15400000E-01  0.22082215E-03 -0.20730320E-01
  0.15600000E-01  0.18603760E-03 -0.20322118E-01
  0.15800000E-01  0.13936865E-03 -0.19672006E-01
  0.16000000E-01  0.75818183E-04 -0.18789862E-01
  0.16200000E-01 -0.10113068E-04 -0.17684209E-01
  0.16400000E-01 -0.12436990E-03 -0.16360742E-01
  0.16600000E-01 -0.27334087E-03 -0.14821094E-01
  0.16800000E-01 -0.46392920E-03 -0.13061822E-01
  0.17000000E-01 -0.70368811E-03 -0.11073554E-01
  0.17200000E-01 -0.10009912E-02 -0.88402846E-02
  0.17400000E-01 -0.13652074E-02 -0.63387657E-02
  0.17600000E-01 -0.18068680E-02 -0.35379594E-02
  0.17800000E-01 -0.23378308E-02 -0.39853976E-03
  0.18000000E-01 -0.29714526E-02  0.31275617E-02
  0.18200000E-01 -0.37227659E-02  0.70975313E-02
  0.18400000E-01 -0.46086336E-02  0.11577904E-01
  0.18600000E-01 -0.56478403E-02  0.16644551E-01
  0.18800000E-01 -0.68610792E-02  0.22382303E-01
  0.19000000E-01 -0.82708009E-02  0.28884037E-01
  0.19200000E-01 -0.99008856E-02  0.36249034E-01
  0.19400000E-01 -0.11776086E-01  0.44580344E-01
  0.19600000E-01 -0.13921167E-01  0.53980872E-01
  0.19800000E-01 -0.16359654E-01  0.64547911E-01
  0.20000000E-01 -0.19112132E-01  0.76365874E-01
  0.20200000E-01 -0.22194053E-01  0.89497119E-01
  0.20400000E-01 -0.25613079E-01  0.10397090E+00
  0.20600000E-01 -0.29366033E-01  0.11977074E+00
  0.20800000E-01 -0.33435604E-01  0.13682098E+00
  0.21000000E-01 -0.37787061E-01  0.15497332E+00
  0.21200000E-01 -0.42365323E-01  0.17399521E+00
  0.21400000E-01 -0.47092808E-01  0.19356145E+00
  0.21600000E-01 -0.51868561E-01  0.21325150E+00
  0.21800000E-01 -0.56569148E-01  0.23255392E+00
  0.22000000E-01 -0.61051727E-01  0.25088012E+00
  0.22200000E-01 -0.65159577E-01  0.26758796E+00
  0.22400000E-01 -0.68730103E-01  0.28201547E+00
  0.22600000E-01 -0.71605011E-01  0.29352310E+00
  0.22800000E-01 -0.73641871E-01  0.30154124E+00
  0.23000000E-01 -0.74725869E-01  0.30561796E+00
  0.23200000E-01 -0.74780180E-01  0.30546042E+00
  0.23400000E-01 -0.73773312E-01  0.30096336E+00
  0.23600000E-01 -0.71722014E-01  0.29221896E+00
  0.23800000E-01 -0.68689011E-01  0.27950541E+00
  0.24000000E-01 -0.64775750E-01  0.26325540E+00
  0.24200000E-01 -0.60111328E-01  0.24400960E+00
  0.24400000E-01 -0.54839580E-01  0.22236346E+00
  0.24600000E-01 -0.49106532E-01  0.19891632E+00
  0.24800000E-01 -0.43050239E-01  0.17423063E+00
  0.25000000E-01 -0.36794249E-01  0.14880640E+00
  0.25200000E-01 -0.30445090E-01  0.12307192E+00
  0.25400000E-01 -0.24093287E-01  0.97388850E-01
  0.25600000E-01 -0.17816804E-01  0.72066996E-01
  0.25800000E-01 -0.11685499E-01  0.47383029E-01
  0.26000000E-01 -0.57651857E-02  0.23597481E-01
  0.26200000E-01 -0.12021366E-03  0.96549274E-03
  0.26400000E-01  0.51860363E-02 -0.20261156E-01
  0.26600000E-01  0.10092737E-01 -0.39840767E-01
  0.26800000E-01  0.14544778E-01 -0.57555031E-01
  0.27000000E-01  0.18496654E-01 -0.73225268E-01
  0.27200000E-01  0.21916137E-01 -0.86727529E-01
  0.27400000E-01  0.24786916E-01 -0.98003151E-01
  0.27600000E-01  0.27109663E-01 -0.10706270E+00
  0.27800000E-01  0.28901393E-01 -0.11398292E+00
  0.28000000E-01  0.30193345E-01 -0.11889769E+00
  0.28200000E-01  0.31027853E-01 -0.12198497E+00
  0.28400000E-01  0.31454788E-01 -0.12345205E+00
  0.28600000E-01  0.31528039E-01 -0.12352103E+00
  0.28800000E-01  0.31302389E-01 -0.12241607E+00
  0.29000000E-01  0.30830976E-01 -0.12035319E+00
  0.29200000E-01  0.30163422E-01 -0.11753291E+00
  0.29400000E-01  0.29344615E-01 -0.11413550E+00
  0.29600000E-01  0.28414074E-01 -0.11031871E+00
  0.29800000E-01  0.27405765E-01 -0.10621716E+00
  0.30000000E-01  0.26348234E-01 -0.10194314E+00
  0.30200000E-01  0.25264968E-01 -0.97588296E-01
  0.30400000E-01  0.24174880E-01 -0.93225726E-01
  0.30600000E-01  0.23092857E-01 -0.88912366E-01
  0.30800000E-01  0.22030331E-01 -0.84691349E-01
  0.31000000E-01  0.20995821E-01 -0.80594266E-01
  0.31200000E-01  0.19995426E-01 -0.76643229E-01
  0.31400000E-01  0.19033272E-01 -0.72852692E-01
  0.31600000E-01  0.18111897E-01 -0.69231028E-01
  0.31800000E-01  0.17232586E-01 -0.65781870E-01
  0.32000000E-01  0.16395660E-01 -0.62505223E-01
  0.32200000E-01  0.15600714E-01 -0.59398388E-01
  0.32400000E-01  0.14846808E-01 -0.56456708E-01
  0.32600000E-01  0.14132626E-01 -0.53674162E-01
  0.32800000E-01  0.13456601E-01 -0.51043833E-01
  0.33000000E-01  0.12817005E-01 -0.48558278E-01
  0.33200000E-01  0.12212025E-01 -0.46209803E-01
  0.33400000E-01  0.11639811E-01 -0.43990678E-01
  0.33600000E-01  0.11098516E-01 -0.41893292E-01
  0.33800000E-01  0.10586321E-01 -0.39910261E-01
  0.34000000E-01  0.10101462E-01 -0.38034504E-01
  0.34200000E-01  0.96422454E-02 -0.36259285E-01
  0.34400000E-01  0.92070668E-02 -0.34578247E-01
  0.34600000E-01  0.87944211E-02 -0.32985418E-01
  0.34800000E-01  0.84029114E-02 -0.31475213E-01
  0.35000000E-01  0.80312488E-02 -0.30042423E-01
  0.35200000E-01  0.76782476E-02 -0.28682200E-01
  0.35400000E-01  0.73428145E-02 -0.27390043E-01
  0.35600000E-01  0.70239352E-02 -0.26161773E-01
  0.35800000E-01  0.67206597E-02 -0.24993515E-01
  0.36000000E-01  0.64320884E-02 -0.23881678E-01
  0.36200000E-01  0.61573633E-02 -0.22822934E-01
  0.36400000E-01  0.58956647E-02 -0.21814192E-01
  0.36600000E-01  0.56462138E-02 -0.20852587E-01
  0.36800000E-01  0.54082787E-02 -0.19935457E-01
  0.37000000E-01  0.51811809E-02 -0.19060327E-01
  0.37200000E-01  0.49642986E-02 -0.18224893E-01
  0.37400000E-01  0.47570671E-02 -0.17427008E-01
  0.37600000E-01  0.45589741E-02 -0.16664672E-01
  0.37800000E-01  0.43695507E-02 -0.15936015E-01
  0.38000000E-01  0.41883598E-02 -0.15239294E-01
  0.38200000E-01  0.40149834E-02 -0.14572880E-01
  0.38400000E-01  0.38490146E-02 -0.13935250E-01
  0.38600000E-01  0.36900540E-02 -0.13324981E-01
  0.38800000E-01  0.35377125E-02 -0.12740739E-01
  0.39000000E-01  0.33916178E-02 -0.12181276E-01
  0.39200000E-01  0.32514228E-02 -0.11645421E-01
  0.39400000E-01  0.31168137E-02 -0.11132072E-01
  0.39600000E-01  0.29875151E-02 -0.10640193E-01
  0.39800000E-01  0.28632888E-02 -0.10168810E-01
  0.40000000E-01  0.27439284E-02 -0.97170029E-02
  0.40200000E-01  0.26292485E-02 -0.92839075E-02
  0.40400000E-01  0.25190731E-02 -0.88687087E-02
  0.40600000E-01  0.24132268E-02 -0.84706400E-02
  0.40800000E-01  0.23115289E-02 -0.80889804E-02
  0.41000000E-01  0.22137934E-02 -0.77230521E-02
  0.41200000E-01  0.21198337E-02 -0.73722175E-02
  0.41400000E-01  0.20294713E-02 -0.70358761E-02
  0.41600000E-01  0.19425449E-02 -0.67134619E-02
  0.41800000E-01  0.18589174E-02 -0.64044405E-02
  0.42000000E-01  0.17784782E-02 -0.61083072E-02
  0.42200000E-01  0.17011406E-02 -0.58245857E-02
  0.42400000E-01  0.16268349E-02 -0.55528265E-02
  0.42600000E-01  0.15554985E-02 -0.52926072E-02
  0.42800000E-01  0.14870675E-02 -0.50435314E-02
  0.43000000E-01  0.14214702E-02 -0.48052284E-02
  0.43200000E-01  0.13586254E-02 -0.45773525E-02
  0.43400000E-01  0.12984453E-02 -0.43595820E-02
  0.43600000E-01  0.12408420E-02 -0.41516174E-02
  0.43800000E-01  0.11857350E-02 -0.39531799E-02
  0.44000000E-01  0.11330576E-02 -0.37640095E-02
  0.44200000E-01  0.10827603E-02 -0.35838630E-02
  0.44400000E-01  0.10348103E-02 -0.34125126E-02
  0.44600000E-01  0.98918723E-03 -0.32497439E-02
  0.44800000E-01  0.94587642E-03 -0.30953543E-02
  0.45000000E-01  0.90486216E-03 -0.29491499E-02
  0.45200000E-01  0.86612272E-03 -0.28109426E-02
  0.45400000E-01  0.82962816E-03 -0.26805452E-02
  0.45600000E-01  0.79534141E-03 -0.25577647E-02
  0.45800000E-01  0.76322132E-03 -0.24423945E-02
  0.46000000E-01  0.73322664E-03 -0.23342046E-02
  0.46200000E-01  0.70531875E-03 -0.22329304E-02
  0.46400000E-01  0.67946223E-03 -0.21382608E-02
  0.46600000E-01  0.65562263E-03 -0.20498265E-02
  0.46800000E-01  0.63376190E-03 -0.19671899E-02
  0.47000000E-01  0.61383271E-03 -0.18898384E-02
  0.47200000E-01  0.59577287E-03 -0.18171844E-02
  0.47400000E-01  0.57950114E-03 -0.17485723E-02
  0.47600000E-01  0.56491501E-03 -0.16832972E-02
  0.47800000E-01  0.55189047E-03 -0.16206331E-02
  0.48000000E-01  0.54028337E-03 -0.15598721E-02
  0.48200000E-01  0.52993182E-03 -0.15003689E-02
  0.48400000E-01  0.52065917E-03 -0.14415845E-02
  0.48600000E-01  0.51227749E-03 -0.13831237E-02
  0.48800000E-01  0.50459181E-03 -0.13247573E-02
  0.49000000E-01  0.49740540E-03 -0.12664261E-02
  0.49200000E-01  0.49052649E-03 -0.12082259E-02
  0.49400000E-01  0.48377593E-03 -0.11503762E-02
  0.49600000E-01  0.47699499E-03 -0.10931800E-02
  0.49800000E-01  0.47005201E-03 -0.10369808E-02
  0.50000000E-01  0.46284632E-03 -0.98212339E-03
